
1 1 1
1 2 0 0 

2 3 2
0.4472135954999579 2 2 0 2 2 0 
-0.8944271909999159 2 2 -1 2 2 1 
0.8944271909999159 2 2 -2 2 2 2 

3 5 3
-0.2390457218668787 2 2 0 2 2 0 2 2 0 
0.7171371656006362 2 2 -1 2 2 0 2 2 1 
-0.8783100656536798 2 2 -1 2 2 -1 2 2 2 
-0.8783100656536798 2 2 -2 2 2 1 2 2 1 
1.434274331201273 2 2 -2 2 2 0 2 2 2 

3 4 2
-0.3779644730092272 3 3 0 3 3 0 
0.7559289460184544 3 3 -1 3 3 1 
-0.7559289460184544 3 3 -2 3 3 2 
0.7559289460184545 3 3 -3 3 3 3 

3 2 2
-0.5773502691896257 3 1 0 3 1 0 
1.154700538379252 3 1 -1 3 1 1 

6 17 4
0.08518354199999199 3 3 0 3 3 0 3 3 0 3 3 0 
-0.3407341679999679 3 3 -1 3 3 0 3 3 0 3 3 1 
0.4472135954999579 3 3 -1 3 3 -1 3 3 1 3 3 1 
-0.2332847374079217 3 3 -1 3 3 -1 3 3 0 3 3 2 
0.329914439536929 3 3 -1 3 3 -1 3 3 -1 3 3 3 
-0.2332847374079217 3 3 -2 3 3 0 3 3 1 3 3 1 
0.85183541999992 3 3 -2 3 3 0 3 3 0 3 3 2 
-0.6388765649999398 3 3 -2 3 3 -1 3 3 1 3 3 2 
-0.9035079029052511 3 3 -2 3 3 -1 3 3 0 3 3 3 
0.8247860988423224 3 3 -2 3 3 -2 3 3 1 3 3 3 
0.329914439536929 3 3 -3 3 3 1 3 3 1 3 3 1 
-0.9035079029052511 3 3 -3 3 3 0 3 3 1 3 3 2 
0.4259177099999599 3 3 -3 3 3 0 3 3 0 3 3 3 
0.8247860988423224 3 3 -3 3 3 -1 3 3 2 3 3 2 
-0.2129588549999799 3 3 -3 3 3 -1 3 3 1 3 3 3 
-1.0647942749999 3 3 -3 3 3 -2 3 3 2 3 3 3 
0.5323971374999499 3 3 -3 3 3 -3 3 3 3 3 3 3 

6 24 4
0.05216405309573011 3 1 1 3 3 -1 3 3 0 3 3 0 
-0.1043281061914602 3 1 1 3 3 -1 3 3 -1 3 3 1 
-0.04761904761904764 3 1 1 3 3 -2 3 3 0 3 3 1 
0.2608202654786505 3 1 1 3 3 -2 3 3 -1 3 3 2 
-0.3367175148507369 3 1 1 3 3 -2 3 3 -2 3 3 3 
0.2693740118805895 3 1 1 3 3 -3 3 3 1 3 3 1 
-0.5532833351724882 3 1 1 3 3 -3 3 3 0 3 3 2 
0.521640530957301 3 1 1 3 3 -3 3 3 -1 3 3 3 
-0.127775312999988 3 1 0 3 3 0 3 3 0 3 3 0 
0.3620300534999659 3 1 0 3 3 -1 3 3 0 3 3 1 
-0.3499271061118825 3 1 0 3 3 -1 3 3 -1 3 3 2 
-0.3499271061118825 3 1 0 3 3 -2 3 3 1 3 3 1 
0.42591770999996 3 1 0 3 3 -2 3 3 0 3 3 2 
0.1505846504842085 3 1 0 3 3 -2 3 3 -1 3 3 3 
0.1505846504842085 3 1 0 3 3 -3 3 3 1 3 3 2 
-0.3194382824999699 3 1 0 3 3 -3 3 3 0 3 3 3 
0.05216405309573011 3 1 -1 3 3 0 3 3 0 3 3 1 
-0.1043281061914602 3 1 -1 3 3 -1 3 3 1 3 3 1 
-0.04761904761904764 3 1 -1 3 3 -1 3 3 0 3 3 2 
0.2693740118805895 3 1 -1 3 3 -1 3 3 -1 3 3 3 
0.2608202654786505 3 1 -1 3 3 -2 3 3 1 3 3 2 
-0.5532833351724882 3 1 -1 3 3 -2 3 3 0 3 3 3 
-0.3367175148507369 3 1 -1 3 3 -3 3 3 2 3 3 2 
0.521640530957301 3 1 -1 3 3 -3 3 3 1 3 3 3 

6 18 4
0.2390457218668787 3 1 1 3 1 1 3 3 -1 3 3 -1 
-0.4364357804719848 3 1 1 3 1 1 3 3 -2 3 3 0 
0.3086066999241838 3 1 1 3 1 1 3 3 -3 3 3 1 
-0.1951800145897067 3 1 0 3 1 1 3 3 -1 3 3 0 
0.5345224838248488 3 1 0 3 1 1 3 3 -2 3 3 1 
-0.6900655593423543 3 1 0 3 1 1 3 3 -3 3 3 2 
0.1593638145779192 3 1 0 3 1 0 3 3 0 3 3 0 
-0.2390457218668786 3 1 0 3 1 0 3 3 -1 3 3 1 
0.3984095364447978 3 1 0 3 1 0 3 3 -3 3 3 3 
0.1593638145779192 3 1 -1 3 1 1 3 3 0 3 3 0 
-0.2390457218668786 3 1 -1 3 1 1 3 3 -1 3 3 1 
0.3984095364447978 3 1 -1 3 1 1 3 3 -3 3 3 3 
-0.1951800145897067 3 1 -1 3 1 0 3 3 0 3 3 1 
0.5345224838248488 3 1 -1 3 1 0 3 3 -1 3 3 2 
-0.6900655593423543 3 1 -1 3 1 0 3 3 -2 3 3 3 
0.2390457218668787 3 1 -1 3 1 -1 3 3 1 3 3 1 
-0.4364357804719848 3 1 -1 3 1 -1 3 3 0 3 3 2 
0.3086066999241838 3 1 -1 3 1 -1 3 3 -1 3 3 3 

6 10 4
0.3779644730092272 3 1 1 3 1 1 3 1 1 3 3 -3 
-0.6546536707079771 3 1 0 3 1 1 3 1 1 3 3 -2 
0.5855400437691198 3 1 0 3 1 0 3 1 1 3 3 -1 
-0.2390457218668787 3 1 0 3 1 0 3 1 0 3 3 0 
0.2927700218845599 3 1 -1 3 1 1 3 1 1 3 3 -1 
-0.7171371656006362 3 1 -1 3 1 0 3 1 1 3 3 0 
0.5855400437691198 3 1 -1 3 1 0 3 1 0 3 3 1 
0.2927700218845599 3 1 -1 3 1 -1 3 1 1 3 3 1 
-0.6546536707079771 3 1 -1 3 1 -1 3 1 0 3 3 2 
0.3779644730092272 3 1 -1 3 1 -1 3 1 -1 3 3 3 

4 15 3
0.2390457218668787 2 2 2 3 3 -1 3 3 -1 
-0.4364357804719848 2 2 2 3 3 -2 3 3 0 
0.3086066999241838 2 2 2 3 3 -3 3 3 1 
-0.1380131118684708 2 2 1 3 3 -1 3 3 0 
0.3779644730092272 2 2 1 3 3 -2 3 3 1 
-0.4879500364742666 2 2 1 3 3 -3 3 3 2 
0.1951800145897066 2 2 0 3 3 0 3 3 0 
-0.2927700218845599 2 2 0 3 3 -1 3 3 1 
0.4879500364742666 2 2 0 3 3 -3 3 3 3 
-0.1380131118684708 2 2 -1 3 3 0 3 3 1 
0.3779644730092272 2 2 -1 3 3 -1 3 3 2 
-0.4879500364742666 2 2 -1 3 3 -2 3 3 3 
0.2390457218668787 2 2 -2 3 3 1 3 3 1 
-0.4364357804719848 2 2 -2 3 3 0 3 3 2 
0.3086066999241838 2 2 -2 3 3 -1 3 3 3 

4 15 3
0.3779644730092272 2 2 2 3 1 1 3 3 -3 
-0.2182178902359924 2 2 2 3 1 0 3 3 -2 
0.0975900072948533 2 2 2 3 1 -1 3 3 -1 
-0.3086066999241838 2 2 1 3 1 1 3 3 -2 
0.2760262237369416 2 2 1 3 1 0 3 3 -1 
-0.1690308509457033 2 2 1 3 1 -1 3 3 0 
0.2390457218668787 2 2 0 3 1 1 3 3 -1 
-0.2927700218845599 2 2 0 3 1 0 3 3 0 
0.2390457218668787 2 2 0 3 1 -1 3 3 1 
-0.1690308509457033 2 2 -1 3 1 1 3 3 0 
0.2760262237369416 2 2 -1 3 1 0 3 3 1 
-0.3086066999241838 2 2 -1 3 1 -1 3 3 2 
0.0975900072948533 2 2 -2 3 1 1 3 3 1 
-0.2182178902359924 2 2 -2 3 1 0 3 3 2 
0.3779644730092272 2 2 -2 3 1 -1 3 3 3 

4 6 3
0.4472135954999579 2 2 2 3 1 -1 3 1 -1 
-0.6324555320336759 2 2 1 3 1 -1 3 1 0 
0.3651483716701107 2 2 0 3 1 0 3 1 0 
0.3651483716701107 2 2 0 3 1 -1 3 1 1 
-0.6324555320336759 2 2 -1 3 1 0 3 1 1 
0.4472135954999579 2 2 -2 3 1 1 3 1 1 

5 33 4
-0.1564921592871903 2 2 1 2 2 1 3 3 -1 3 3 -1 
0.2857142857142857 2 2 1 2 2 1 3 3 -2 3 3 0 
-0.2020305089104421 2 2 1 2 2 1 3 3 -3 3 3 1 
0.255550625999976 2 2 0 2 2 2 3 3 -1 3 3 -1 
-0.4665694748158435 2 2 0 2 2 2 3 3 -2 3 3 0 
0.329914439536929 2 2 0 2 2 2 3 3 -3 3 3 1 
0.07377111135633176 2 2 0 2 2 1 3 3 -1 3 3 0 
-0.2020305089104421 2 2 0 2 2 1 3 3 -2 3 3 1 
0.2608202654786505 2 2 0 2 2 1 3 3 -3 3 3 2 
-0.1043281061914602 2 2 0 2 2 0 3 3 0 3 3 0 
0.1564921592871903 2 2 0 2 2 0 3 3 -1 3 3 1 
-0.2608202654786505 2 2 0 2 2 0 3 3 -3 3 3 3 
-0.1807015805810502 2 2 -1 2 2 2 3 3 -1 3 3 0 
0.4948716593053935 2 2 -1 2 2 2 3 3 -2 3 3 1 
-0.6388765649999398 2 2 -1 2 2 2 3 3 -3 3 3 2 
0.1043281061914602 2 2 -1 2 2 1 3 3 0 3 3 0 
-0.1564921592871903 2 2 -1 2 2 1 3 3 -1 3 3 1 
0.2608202654786505 2 2 -1 2 2 1 3 3 -3 3 3 3 
0.07377111135633176 2 2 -1 2 2 0 3 3 0 3 3 1 
-0.2020305089104421 2 2 -1 2 2 0 3 3 -1 3 3 2 
0.2608202654786505 2 2 -1 2 2 0 3 3 -2 3 3 3 
-0.1564921592871903 2 2 -1 2 2 -1 3 3 1 3 3 1 
0.2857142857142857 2 2 -1 2 2 -1 3 3 0 3 3 2 
-0.2020305089104421 2 2 -1 2 2 -1 3 3 -1 3 3 3 
0.2086562123829204 2 2 -2 2 2 2 3 3 0 3 3 0 
-0.3129843185743805 2 2 -2 2 2 2 3 3 -1 3 3 1 
0.521640530957301 2 2 -2 2 2 2 3 3 -3 3 3 3 
-0.1807015805810502 2 2 -2 2 2 1 3 3 0 3 3 1 
0.4948716593053935 2 2 -2 2 2 1 3 3 -1 3 3 2 
-0.6388765649999398 2 2 -2 2 2 1 3 3 -2 3 3 3 
0.255550625999976 2 2 -2 2 2 0 3 3 1 3 3 1 
-0.4665694748158435 2 2 -2 2 2 0 3 3 0 3 3 2 
0.329914439536929 2 2 -2 2 2 0 3 3 -1 3 3 3 

2 1 1
1 4 0 0 

4 5 2
0.3333333333333333 4 4 0 4 4 0 
-0.6666666666666667 4 4 -1 4 4 1 
0.6666666666666667 4 4 -2 4 4 2 
-0.6666666666666666 4 4 -3 4 4 3 
0.6666666666666666 4 4 -4 4 4 4 

4 3 2
0.4472135954999579 4 2 0 4 2 0 
-0.8944271909999159 4 2 -1 4 2 1 
0.8944271909999159 4 2 -2 4 2 2 

6 21 3
-0.2080625946441198 4 2 2 4 4 -1 4 4 -1 
0.3947710169758614 4 2 2 4 4 -2 4 4 0 
-0.3302891295379082 4 2 2 4 4 -3 4 4 1 
0.2201927530252721 4 2 2 4 4 -4 4 4 2 
0.09304842103984708 4 2 1 4 4 -1 4 4 0 
-0.2648204488514249 4 2 1 4 4 -2 4 4 1 
0.3892494720807615 4 2 1 4 4 -3 4 4 2 
-0.4119429204355498 4 2 1 4 4 -4 4 4 3 
-0.1698823971458752 4 2 0 4 4 0 4 4 0 
0.2888000751479878 4 2 0 4 4 -1 4 4 1 
-0.1359059177167001 4 2 0 4 4 -2 4 4 2 
-0.1189176780021126 4 2 0 4 4 -3 4 4 3 
0.4756707120084505 4 2 0 4 4 -4 4 4 4 
0.09304842103984708 4 2 -1 4 4 0 4 4 1 
-0.2648204488514249 4 2 -1 4 4 -1 4 4 2 
0.3892494720807615 4 2 -1 4 4 -2 4 4 3 
-0.4119429204355498 4 2 -1 4 4 -3 4 4 4 
-0.2080625946441198 4 2 -2 4 4 1 4 4 1 
0.3947710169758614 4 2 -2 4 4 0 4 4 2 
-0.3302891295379082 4 2 -2 4 4 -1 4 4 3 
0.2201927530252721 4 2 -2 4 4 -2 4 4 4 

6 15 3
0.3333333333333333 4 2 2 4 2 2 4 4 -4 
-0.4714045207910317 4 2 1 4 2 2 4 4 -3 
0.2519763153394848 4 2 1 4 2 1 4 4 -2 
0.3086066999241838 4 2 0 4 2 2 4 4 -2 
-0.4364357804719848 4 2 0 4 2 1 4 4 -1 
0.2390457218668787 4 2 0 4 2 0 4 4 0 
-0.1781741612749496 4 2 -1 4 2 2 4 4 -1 
0.3187276291558383 4 2 -1 4 2 1 4 4 0 
-0.4364357804719848 4 2 -1 4 2 0 4 4 1 
0.2519763153394848 4 2 -1 4 2 -1 4 4 2 
0.07968190728895958 4 2 -2 4 2 2 4 4 0 
-0.1781741612749496 4 2 -2 4 2 1 4 4 1 
0.3086066999241838 4 2 -2 4 2 0 4 4 2 
-0.4714045207910317 4 2 -2 4 2 -1 4 4 3 
0.3333333333333333 4 2 -2 4 2 -2 4 4 4 

6 5 3
-0.2390457218668787 4 2 0 4 2 0 4 2 0 
0.7171371656006362 4 2 -1 4 2 0 4 2 1 
-0.8783100656536798 4 2 -1 4 2 -1 4 2 2 
-0.8783100656536798 4 2 -2 4 2 1 4 2 1 
1.434274331201273 4 2 -2 4 2 0 4 2 2 

6 13 3
0.1340970468803023 4 4 0 4 4 0 4 4 0 
-0.4022911406409067 4 4 -1 4 4 0 4 4 1 
0.4240520956441317 4 4 -1 4 4 -1 4 4 2 
0.4240520956441317 4 4 -2 4 4 1 4 4 1 
-0.4916891718944416 4 4 -2 4 4 0 4 4 2 
-0.3739787960033828 4 4 -2 4 4 -1 4 4 3 
0.5609681940050741 4 4 -2 4 4 -2 4 4 4 
-0.3739787960033828 4 4 -3 4 4 1 4 4 2 
0.9386793281621157 4 4 -3 4 4 0 4 4 3 
-0.9894548898363071 4 4 -3 4 4 -1 4 4 4 
0.5609681940050741 4 4 -4 4 4 2 4 4 2 
-0.9894548898363071 4 4 -4 4 4 1 4 4 3 
0.6257862187747438 4 4 -4 4 4 0 4 4 4 

8 31 4
-0.2182178902359924 4 2 1 4 2 1 4 2 2 4 4 -4 
0.1543033499620919 4 2 1 4 2 1 4 2 1 4 4 -3 
0.3563483225498992 4 2 0 4 2 2 4 2 2 4 4 -4 
-0.1259881576697424 4 2 0 4 2 1 4 2 2 4 4 -3 
-0.2357022603955158 4 2 0 4 2 1 4 2 1 4 4 -2 
0.08247860988423224 4 2 0 4 2 0 4 2 2 4 4 -2 
0.2332847374079217 4 2 0 4 2 0 4 2 1 4 4 -1 
-0.127775312999988 4 2 0 4 2 0 4 2 0 4 4 0 
-0.3086066999241838 4 2 -1 4 2 2 4 2 2 4 4 -3 
0.4123930494211612 4 2 -1 4 2 1 4 2 2 4 4 -2 
-0.05832118435198045 4 2 -1 4 2 1 4 2 1 4 4 -1 
-0.3333333333333333 4 2 -1 4 2 0 4 2 2 4 4 -1 
-0.042591770999996 4 2 -1 4 2 0 4 2 1 4 4 0 
0.2332847374079217 4 2 -1 4 2 0 4 2 0 4 4 1 
0.1825741858350554 4 2 -1 4 2 -1 4 2 2 4 4 0 
-0.05832118435198045 4 2 -1 4 2 -1 4 2 1 4 4 1 
-0.2357022603955158 4 2 -1 4 2 -1 4 2 0 4 4 2 
0.1543033499620919 4 2 -1 4 2 -1 4 2 -1 4 4 3 
0.1649572197684645 4 2 -2 4 2 2 4 2 2 4 4 -2 
-0.3499271061118826 4 2 -2 4 2 1 4 2 2 4 4 -1 
0.1825741858350554 4 2 -2 4 2 1 4 2 1 4 4 0 
0.340734167999968 4 2 -2 4 2 0 4 2 2 4 4 0 
-0.3333333333333333 4 2 -2 4 2 0 4 2 1 4 4 1 
0.08247860988423224 4 2 -2 4 2 0 4 2 0 4 4 2 
-0.3499271061118826 4 2 -2 4 2 -1 4 2 2 4 4 1 
0.4123930494211612 4 2 -2 4 2 -1 4 2 1 4 4 2 
-0.1259881576697424 4 2 -2 4 2 -1 4 2 0 4 4 3 
-0.2182178902359924 4 2 -2 4 2 -1 4 2 -1 4 4 4 
0.1649572197684645 4 2 -2 4 2 -2 4 2 2 4 4 2 
-0.3086066999241838 4 2 -2 4 2 -2 4 2 1 4 4 3 
0.3563483225498992 4 2 -2 4 2 -2 4 2 0 4 4 4 

5 21 3
-0.2080625946441198 2 2 2 4 4 -1 4 4 -1 
0.3947710169758614 2 2 2 4 4 -2 4 4 0 
-0.3302891295379082 2 2 2 4 4 -3 4 4 1 
0.2201927530252721 2 2 2 4 4 -4 4 4 2 
0.09304842103984708 2 2 1 4 4 -1 4 4 0 
-0.2648204488514249 2 2 1 4 4 -2 4 4 1 
0.3892494720807615 2 2 1 4 4 -3 4 4 2 
-0.4119429204355498 2 2 1 4 4 -4 4 4 3 
-0.1698823971458752 2 2 0 4 4 0 4 4 0 
0.2888000751479878 2 2 0 4 4 -1 4 4 1 
-0.1359059177167001 2 2 0 4 4 -2 4 4 2 
-0.1189176780021126 2 2 0 4 4 -3 4 4 3 
0.4756707120084505 2 2 0 4 4 -4 4 4 4 
0.09304842103984708 2 2 -1 4 4 0 4 4 1 
-0.2648204488514249 2 2 -1 4 4 -1 4 4 2 
0.3892494720807615 2 2 -1 4 4 -2 4 4 3 
-0.4119429204355498 2 2 -1 4 4 -3 4 4 4 
-0.2080625946441198 2 2 -2 4 4 1 4 4 1 
0.3947710169758614 2 2 -2 4 4 0 4 4 2 
-0.3302891295379082 2 2 -2 4 4 -1 4 4 3 
0.2201927530252721 2 2 -2 4 4 -2 4 4 4 

5 25 3
0.3333333333333333 2 2 2 4 2 2 4 4 -4 
-0.2357022603955158 2 2 2 4 2 1 4 4 -3 
0.1543033499620919 2 2 2 4 2 0 4 4 -2 
-0.08908708063747479 2 2 2 4 2 -1 4 4 -1 
0.03984095364447979 2 2 2 4 2 -2 4 4 0 
-0.2357022603955158 2 2 1 4 2 2 4 4 -3 
0.2519763153394848 2 2 1 4 2 1 4 4 -2 
-0.2182178902359924 2 2 1 4 2 0 4 4 -1 
0.1593638145779192 2 2 1 4 2 -1 4 4 0 
-0.08908708063747479 2 2 1 4 2 -2 4 4 1 
0.1543033499620919 2 2 0 4 2 2 4 4 -2 
-0.2182178902359924 2 2 0 4 2 1 4 4 -1 
0.2390457218668787 2 2 0 4 2 0 4 4 0 
-0.2182178902359924 2 2 0 4 2 -1 4 4 1 
0.1543033499620919 2 2 0 4 2 -2 4 4 2 
-0.08908708063747479 2 2 -1 4 2 2 4 4 -1 
0.1593638145779192 2 2 -1 4 2 1 4 4 0 
-0.2182178902359924 2 2 -1 4 2 0 4 4 1 
0.2519763153394848 2 2 -1 4 2 -1 4 4 2 
-0.2357022603955158 2 2 -1 4 2 -2 4 4 3 
0.03984095364447979 2 2 -2 4 2 2 4 4 0 
-0.08908708063747479 2 2 -2 4 2 1 4 4 1 
0.1543033499620919 2 2 -2 4 2 0 4 4 2 
-0.2357022603955158 2 2 -2 4 2 -1 4 4 3 
0.3333333333333333 2 2 -2 4 2 -2 4 4 4 

5 11 3
-0.2927700218845599 2 2 2 4 2 -1 4 2 -1 
0.4780914437337575 2 2 2 4 2 -2 4 2 0 
0.2390457218668787 2 2 1 4 2 -1 4 2 0 
-0.5855400437691198 2 2 1 4 2 -2 4 2 1 
-0.2390457218668787 2 2 0 4 2 0 4 2 0 
0.2390457218668787 2 2 0 4 2 -1 4 2 1 
0.4780914437337575 2 2 0 4 2 -2 4 2 2 
0.2390457218668787 2 2 -1 4 2 0 4 2 1 
-0.5855400437691198 2 2 -1 4 2 -1 4 2 2 
-0.2927700218845599 2 2 -2 4 2 1 4 2 1 
0.4780914437337575 2 2 -2 4 2 0 4 2 2 

6 25 4
0.1916629694999819 2 2 1 2 2 1 4 2 -1 4 2 -1 
-0.3129843185743806 2 2 1 2 2 1 4 2 -2 4 2 0 
-0.3129843185743806 2 2 0 2 2 2 4 2 -1 4 2 -1 
0.5111012519999519 2 2 0 2 2 2 4 2 -2 4 2 0 
-0.127775312999988 2 2 0 2 2 1 4 2 -1 4 2 0 
0.3129843185743806 2 2 0 2 2 1 4 2 -2 4 2 1 
0.127775312999988 2 2 0 2 2 0 4 2 0 4 2 0 
-0.127775312999988 2 2 0 2 2 0 4 2 -1 4 2 1 
-0.255550625999976 2 2 0 2 2 0 4 2 -2 4 2 2 
0.3129843185743806 2 2 -1 2 2 2 4 2 -1 4 2 0 
-0.7666518779999277 2 2 -1 2 2 2 4 2 -2 4 2 1 
-0.127775312999988 2 2 -1 2 2 1 4 2 0 4 2 0 
0.127775312999988 2 2 -1 2 2 1 4 2 -1 4 2 1 
0.255550625999976 2 2 -1 2 2 1 4 2 -2 4 2 2 
-0.127775312999988 2 2 -1 2 2 0 4 2 0 4 2 1 
0.3129843185743806 2 2 -1 2 2 0 4 2 -1 4 2 2 
0.1916629694999819 2 2 -1 2 2 -1 4 2 1 4 2 1 
-0.3129843185743806 2 2 -1 2 2 -1 4 2 0 4 2 2 
-0.255550625999976 2 2 -2 2 2 2 4 2 0 4 2 0 
0.255550625999976 2 2 -2 2 2 2 4 2 -1 4 2 1 
0.5111012519999519 2 2 -2 2 2 2 4 2 -2 4 2 2 
0.3129843185743806 2 2 -2 2 2 1 4 2 0 4 2 1 
-0.7666518779999277 2 2 -2 2 2 1 4 2 -1 4 2 2 
-0.3129843185743806 2 2 -2 2 2 0 4 2 1 4 2 1 
0.5111012519999519 2 2 -2 2 2 0 4 2 0 4 2 2 

7 26 4
-0.2080625946441198 3 1 1 3 1 1 4 4 -1 4 4 -1 
0.3947710169758614 3 1 1 3 1 1 4 4 -2 4 4 0 
-0.3302891295379082 3 1 1 3 1 1 4 4 -3 4 4 1 
0.2201927530252721 3 1 1 3 1 1 4 4 -4 4 4 2 
0.1315903389919538 3 1 0 3 1 1 4 4 -1 4 4 0 
-0.3745126703594156 3 1 0 3 1 1 4 4 -2 4 4 1 
0.5504818825631803 3 1 0 3 1 1 4 4 -3 4 4 2 
-0.5825752650035354 3 1 0 3 1 1 4 4 -4 4 4 3 
-0.1387083964294132 3 1 0 3 1 0 4 4 0 4 4 0 
0.2358042739300024 3 1 0 3 1 0 4 4 -1 4 4 1 
-0.1109667171435305 3 1 0 3 1 0 4 4 -2 4 4 2 
-0.09709587750058921 3 1 0 3 1 0 4 4 -3 4 4 3 
0.3883835100023569 3 1 0 3 1 0 4 4 -4 4 4 4 
-0.1387083964294132 3 1 -1 3 1 1 4 4 0 4 4 0 
0.2358042739300024 3 1 -1 3 1 1 4 4 -1 4 4 1 
-0.1109667171435305 3 1 -1 3 1 1 4 4 -2 4 4 2 
-0.09709587750058921 3 1 -1 3 1 1 4 4 -3 4 4 3 
0.3883835100023569 3 1 -1 3 1 1 4 4 -4 4 4 4 
0.1315903389919538 3 1 -1 3 1 0 4 4 0 4 4 1 
-0.3745126703594156 3 1 -1 3 1 0 4 4 -1 4 4 2 
0.5504818825631803 3 1 -1 3 1 0 4 4 -2 4 4 3 
-0.5825752650035354 3 1 -1 3 1 0 4 4 -3 4 4 4 
-0.2080625946441198 3 1 -1 3 1 -1 4 4 1 4 4 1 
0.3947710169758614 3 1 -1 3 1 -1 4 4 0 4 4 2 
-0.3302891295379082 3 1 -1 3 1 -1 4 4 -1 4 4 3 
0.2201927530252721 3 1 -1 3 1 -1 4 4 -2 4 4 4 

7 30 4
0.3333333333333333 3 1 1 3 1 1 4 2 2 4 4 -4 
-0.2357022603955158 3 1 1 3 1 1 4 2 1 4 4 -3 
0.1543033499620919 3 1 1 3 1 1 4 2 0 4 4 -2 
-0.08908708063747479 3 1 1 3 1 1 4 2 -1 4 4 -1 
0.03984095364447979 3 1 1 3 1 1 4 2 -2 4 4 0 
-0.3333333333333334 3 1 0 3 1 1 4 2 2 4 4 -3 
0.3563483225498992 3 1 0 3 1 1 4 2 1 4 4 -2 
-0.3086066999241839 3 1 0 3 1 1 4 2 0 4 4 -1 
0.2253744679276044 3 1 0 3 1 1 4 2 -1 4 4 0 
-0.1259881576697424 3 1 0 3 1 1 4 2 -2 4 4 1 
0.1259881576697424 3 1 0 3 1 0 4 2 2 4 4 -2 
-0.1781741612749496 3 1 0 3 1 0 4 2 1 4 4 -1 
0.1951800145897066 3 1 0 3 1 0 4 2 0 4 4 0 
-0.1781741612749496 3 1 0 3 1 0 4 2 -1 4 4 1 
0.1259881576697424 3 1 0 3 1 0 4 2 -2 4 4 2 
0.1259881576697424 3 1 -1 3 1 1 4 2 2 4 4 -2 
-0.1781741612749496 3 1 -1 3 1 1 4 2 1 4 4 -1 
0.1951800145897066 3 1 -1 3 1 1 4 2 0 4 4 0 
-0.1781741612749496 3 1 -1 3 1 1 4 2 -1 4 4 1 
0.1259881576697424 3 1 -1 3 1 1 4 2 -2 4 4 2 
-0.1259881576697424 3 1 -1 3 1 0 4 2 2 4 4 -1 
0.2253744679276044 3 1 -1 3 1 0 4 2 1 4 4 0 
-0.3086066999241839 3 1 -1 3 1 0 4 2 0 4 4 1 
0.3563483225498992 3 1 -1 3 1 0 4 2 -1 4 4 2 
-0.3333333333333334 3 1 -1 3 1 0 4 2 -2 4 4 3 
0.03984095364447979 3 1 -1 3 1 -1 4 2 2 4 4 0 
-0.08908708063747479 3 1 -1 3 1 -1 4 2 1 4 4 1 
0.1543033499620919 3 1 -1 3 1 -1 4 2 0 4 4 2 
-0.2357022603955158 3 1 -1 3 1 -1 4 2 -1 4 4 3 
0.3333333333333333 3 1 -1 3 1 -1 4 2 -2 4 4 4 

7 14 4
-0.2927700218845599 3 1 1 3 1 1 4 2 -1 4 2 -1 
0.4780914437337575 3 1 1 3 1 1 4 2 -2 4 2 0 
0.3380617018914067 3 1 0 3 1 1 4 2 -1 4 2 0 
-0.828078671210825 3 1 0 3 1 1 4 2 -2 4 2 1 
-0.1951800145897066 3 1 0 3 1 0 4 2 0 4 2 0 
0.1951800145897066 3 1 0 3 1 0 4 2 -1 4 2 1 
0.3903600291794133 3 1 0 3 1 0 4 2 -2 4 2 2 
-0.1951800145897066 3 1 -1 3 1 1 4 2 0 4 2 0 
0.1951800145897066 3 1 -1 3 1 1 4 2 -1 4 2 1 
0.3903600291794133 3 1 -1 3 1 1 4 2 -2 4 2 2 
0.3380617018914067 3 1 -1 3 1 0 4 2 0 4 2 1 
-0.828078671210825 3 1 -1 3 1 0 4 2 -1 4 2 2 
-0.2927700218845599 3 1 -1 3 1 -1 4 2 1 4 2 1 
0.4780914437337575 3 1 -1 3 1 -1 4 2 0 4 2 2 

5 6 2
-0.3015113445777636 5 5 0 5 5 0 
0.6030226891555273 5 5 -1 5 5 1 
-0.6030226891555273 5 5 -2 5 5 2 
0.6030226891555273 5 5 -3 5 5 3 
-0.6030226891555274 5 5 -4 5 5 4 
0.6030226891555272 5 5 -5 5 5 5 

5 4 2
-0.3779644730092272 5 3 0 5 3 0 
0.7559289460184544 5 3 -1 5 3 1 
-0.7559289460184544 5 3 -2 5 3 2 
0.7559289460184545 5 3 -3 5 3 3 

5 2 2
-0.5773502691896257 5 1 0 5 1 0 
1.154700538379252 5 1 -1 5 1 1 

10 17 4
0.08518354199999199 5 3 0 5 3 0 5 3 0 5 3 0 
-0.3407341679999679 5 3 -1 5 3 0 5 3 0 5 3 1 
0.4472135954999579 5 3 -1 5 3 -1 5 3 1 5 3 1 
-0.2332847374079217 5 3 -1 5 3 -1 5 3 0 5 3 2 
0.329914439536929 5 3 -1 5 3 -1 5 3 -1 5 3 3 
-0.2332847374079217 5 3 -2 5 3 0 5 3 1 5 3 1 
0.85183541999992 5 3 -2 5 3 0 5 3 0 5 3 2 
-0.6388765649999398 5 3 -2 5 3 -1 5 3 1 5 3 2 
-0.9035079029052511 5 3 -2 5 3 -1 5 3 0 5 3 3 
0.8247860988423224 5 3 -2 5 3 -2 5 3 1 5 3 3 
0.329914439536929 5 3 -3 5 3 1 5 3 1 5 3 1 
-0.9035079029052511 5 3 -3 5 3 0 5 3 1 5 3 2 
0.4259177099999599 5 3 -3 5 3 0 5 3 0 5 3 3 
0.8247860988423224 5 3 -3 5 3 -1 5 3 2 5 3 2 
-0.2129588549999799 5 3 -3 5 3 -1 5 3 1 5 3 3 
-1.0647942749999 5 3 -3 5 3 -2 5 3 2 5 3 3 
0.5323971374999499 5 3 -3 5 3 -3 5 3 3 5 3 3 

10 24 4
0.05216405309573011 5 1 1 5 3 -1 5 3 0 5 3 0 
-0.1043281061914602 5 1 1 5 3 -1 5 3 -1 5 3 1 
-0.04761904761904764 5 1 1 5 3 -2 5 3 0 5 3 1 
0.2608202654786505 5 1 1 5 3 -2 5 3 -1 5 3 2 
-0.3367175148507369 5 1 1 5 3 -2 5 3 -2 5 3 3 
0.2693740118805895 5 1 1 5 3 -3 5 3 1 5 3 1 
-0.5532833351724882 5 1 1 5 3 -3 5 3 0 5 3 2 
0.521640530957301 5 1 1 5 3 -3 5 3 -1 5 3 3 
-0.127775312999988 5 1 0 5 3 0 5 3 0 5 3 0 
0.3620300534999659 5 1 0 5 3 -1 5 3 0 5 3 1 
-0.3499271061118825 5 1 0 5 3 -1 5 3 -1 5 3 2 
-0.3499271061118825 5 1 0 5 3 -2 5 3 1 5 3 1 
0.42591770999996 5 1 0 5 3 -2 5 3 0 5 3 2 
0.1505846504842085 5 1 0 5 3 -2 5 3 -1 5 3 3 
0.1505846504842085 5 1 0 5 3 -3 5 3 1 5 3 2 
-0.3194382824999699 5 1 0 5 3 -3 5 3 0 5 3 3 
0.05216405309573011 5 1 -1 5 3 0 5 3 0 5 3 1 
-0.1043281061914602 5 1 -1 5 3 -1 5 3 1 5 3 1 
-0.04761904761904764 5 1 -1 5 3 -1 5 3 0 5 3 2 
0.2693740118805895 5 1 -1 5 3 -1 5 3 -1 5 3 3 
0.2608202654786505 5 1 -1 5 3 -2 5 3 1 5 3 2 
-0.5532833351724882 5 1 -1 5 3 -2 5 3 0 5 3 3 
-0.3367175148507369 5 1 -1 5 3 -3 5 3 2 5 3 2 
0.521640530957301 5 1 -1 5 3 -3 5 3 1 5 3 3 

10 18 4
0.2390457218668787 5 1 1 5 1 1 5 3 -1 5 3 -1 
-0.4364357804719848 5 1 1 5 1 1 5 3 -2 5 3 0 
0.3086066999241838 5 1 1 5 1 1 5 3 -3 5 3 1 
-0.1951800145897067 5 1 0 5 1 1 5 3 -1 5 3 0 
0.5345224838248488 5 1 0 5 1 1 5 3 -2 5 3 1 
-0.6900655593423543 5 1 0 5 1 1 5 3 -3 5 3 2 
0.1593638145779192 5 1 0 5 1 0 5 3 0 5 3 0 
-0.2390457218668786 5 1 0 5 1 0 5 3 -1 5 3 1 
0.3984095364447978 5 1 0 5 1 0 5 3 -3 5 3 3 
0.1593638145779192 5 1 -1 5 1 1 5 3 0 5 3 0 
-0.2390457218668786 5 1 -1 5 1 1 5 3 -1 5 3 1 
0.3984095364447978 5 1 -1 5 1 1 5 3 -3 5 3 3 
-0.1951800145897067 5 1 -1 5 1 0 5 3 0 5 3 1 
0.5345224838248488 5 1 -1 5 1 0 5 3 -1 5 3 2 
-0.6900655593423543 5 1 -1 5 1 0 5 3 -2 5 3 3 
0.2390457218668787 5 1 -1 5 1 -1 5 3 1 5 3 1 
-0.4364357804719848 5 1 -1 5 1 -1 5 3 0 5 3 2 
0.3086066999241838 5 1 -1 5 1 -1 5 3 -1 5 3 3 

10 10 4
0.3779644730092272 5 1 1 5 1 1 5 1 1 5 3 -3 
-0.6546536707079771 5 1 0 5 1 1 5 1 1 5 3 -2 
0.5855400437691198 5 1 0 5 1 0 5 1 1 5 3 -1 
-0.2390457218668787 5 1 0 5 1 0 5 1 0 5 3 0 
0.2927700218845599 5 1 -1 5 1 1 5 1 1 5 3 -1 
-0.7171371656006362 5 1 -1 5 1 0 5 1 1 5 3 0 
0.5855400437691198 5 1 -1 5 1 0 5 1 0 5 3 1 
0.2927700218845599 5 1 -1 5 1 -1 5 1 1 5 3 1 
-0.6546536707079771 5 1 -1 5 1 -1 5 1 0 5 3 2 
0.3779644730092272 5 1 -1 5 1 -1 5 1 -1 5 3 3 

6 26 3
0.1869893980016914 2 2 2 5 5 -1 5 5 -1 
-0.3612978418647564 2 2 2 5 5 -2 5 5 0 
0.3231546138134259 2 2 2 5 5 -3 5 5 1 
-0.2591001102525183 2 2 2 5 5 -4 5 5 2 
0.1672484020014181 2 2 2 5 5 -5 5 5 3 
-0.06827887419989186 2 2 1 5 5 -1 5 5 0 
0.1978909779672615 2 2 1 5 5 -2 5 5 1 
-0.3053524082762297 2 2 1 5 5 -3 5 5 2 
0.3702201197435616 2 2 1 5 5 -4 5 5 3 
-0.3547874375934496 2 2 1 5 5 -5 5 5 4 
0.1526762041381148 2 2 0 5 5 0 5 5 0 
-0.2748171674486067 2 2 0 5 5 -1 5 5 1 
0.1832114449657378 2 2 0 5 5 -2 5 5 2 
-0.03053524082762296 2 2 0 5 5 -3 5 5 3 
-0.1832114449657378 2 2 0 5 5 -4 5 5 4 
0.4580286124143445 2 2 0 5 5 -5 5 5 5 
-0.06827887419989186 2 2 -1 5 5 0 5 5 1 
0.1978909779672615 2 2 -1 5 5 -1 5 5 2 
-0.3053524082762297 2 2 -1 5 5 -2 5 5 3 
0.3702201197435616 2 2 -1 5 5 -3 5 5 4 
-0.3547874375934496 2 2 -1 5 5 -4 5 5 5 
0.1869893980016914 2 2 -2 5 5 1 5 5 1 
-0.3612978418647564 2 2 -2 5 5 0 5 5 2 
0.3231546138134259 2 2 -2 5 5 -1 5 5 3 
-0.2591001102525183 2 2 -2 5 5 -2 5 5 4 
0.1672484020014181 2 2 -2 5 5 -3 5 5 5 

6 15 3
0.2390457218668787 2 2 2 5 3 -1 5 3 -1 
-0.4364357804719848 2 2 2 5 3 -2 5 3 0 
0.3086066999241838 2 2 2 5 3 -3 5 3 1 
-0.1380131118684708 2 2 1 5 3 -1 5 3 0 
0.3779644730092272 2 2 1 5 3 -2 5 3 1 
-0.4879500364742666 2 2 1 5 3 -3 5 3 2 
0.1951800145897066 2 2 0 5 3 0 5 3 0 
-0.2927700218845599 2 2 0 5 3 -1 5 3 1 
0.4879500364742666 2 2 0 5 3 -3 5 3 3 
-0.1380131118684708 2 2 -1 5 3 0 5 3 1 
0.3779644730092272 2 2 -1 5 3 -1 5 3 2 
-0.4879500364742666 2 2 -1 5 3 -2 5 3 3 
0.2390457218668787 2 2 -2 5 3 1 5 3 1 
-0.4364357804719848 2 2 -2 5 3 0 5 3 2 
0.3086066999241838 2 2 -2 5 3 -1 5 3 3 

6 15 3
0.3779644730092272 2 2 2 5 1 1 5 3 -3 
-0.2182178902359924 2 2 2 5 1 0 5 3 -2 
0.0975900072948533 2 2 2 5 1 -1 5 3 -1 
-0.3086066999241838 2 2 1 5 1 1 5 3 -2 
0.2760262237369416 2 2 1 5 1 0 5 3 -1 
-0.1690308509457033 2 2 1 5 1 -1 5 3 0 
0.2390457218668787 2 2 0 5 1 1 5 3 -1 
-0.2927700218845599 2 2 0 5 1 0 5 3 0 
0.2390457218668787 2 2 0 5 1 -1 5 3 1 
-0.1690308509457033 2 2 -1 5 1 1 5 3 0 
0.2760262237369416 2 2 -1 5 1 0 5 3 1 
-0.3086066999241838 2 2 -1 5 1 -1 5 3 2 
0.0975900072948533 2 2 -2 5 1 1 5 3 1 
-0.2182178902359924 2 2 -2 5 1 0 5 3 2 
0.3779644730092272 2 2 -2 5 1 -1 5 3 3 

6 6 3
0.4472135954999579 2 2 2 5 1 -1 5 1 -1 
-0.6324555320336759 2 2 1 5 1 -1 5 1 0 
0.3651483716701107 2 2 0 5 1 0 5 1 0 
0.3651483716701107 2 2 0 5 1 -1 5 1 1 
-0.6324555320336759 2 2 -1 5 1 0 5 1 1 
0.4472135954999579 2 2 -2 5 1 1 5 1 1 

8 18 4
0.2390457218668787 3 1 1 3 1 1 5 3 -1 5 3 -1 
-0.4364357804719848 3 1 1 3 1 1 5 3 -2 5 3 0 
0.3086066999241838 3 1 1 3 1 1 5 3 -3 5 3 1 
-0.1951800145897067 3 1 0 3 1 1 5 3 -1 5 3 0 
0.5345224838248488 3 1 0 3 1 1 5 3 -2 5 3 1 
-0.6900655593423543 3 1 0 3 1 1 5 3 -3 5 3 2 
0.1593638145779192 3 1 0 3 1 0 5 3 0 5 3 0 
-0.2390457218668786 3 1 0 3 1 0 5 3 -1 5 3 1 
0.3984095364447978 3 1 0 3 1 0 5 3 -3 5 3 3 
0.1593638145779192 3 1 -1 3 1 1 5 3 0 5 3 0 
-0.2390457218668786 3 1 -1 3 1 1 5 3 -1 5 3 1 
0.3984095364447978 3 1 -1 3 1 1 5 3 -3 5 3 3 
-0.1951800145897067 3 1 -1 3 1 0 5 3 0 5 3 1 
0.5345224838248488 3 1 -1 3 1 0 5 3 -1 5 3 2 
-0.6900655593423543 3 1 -1 3 1 0 5 3 -2 5 3 3 
0.2390457218668787 3 1 -1 3 1 -1 5 3 1 5 3 1 
-0.4364357804719848 3 1 -1 3 1 -1 5 3 0 5 3 2 
0.3086066999241838 3 1 -1 3 1 -1 5 3 -1 5 3 3 

8 18 4
0.3779644730092272 3 1 1 3 1 1 5 1 1 5 3 -3 
-0.2182178902359924 3 1 1 3 1 1 5 1 0 5 3 -2 
0.0975900072948533 3 1 1 3 1 1 5 1 -1 5 3 -1 
-0.4364357804719847 3 1 0 3 1 1 5 1 1 5 3 -2 
0.3903600291794132 3 1 0 3 1 1 5 1 0 5 3 -1 
-0.2390457218668787 3 1 0 3 1 1 5 1 -1 5 3 0 
0.1951800145897066 3 1 0 3 1 0 5 1 1 5 3 -1 
-0.2390457218668787 3 1 0 3 1 0 5 1 0 5 3 0 
0.1951800145897066 3 1 0 3 1 0 5 1 -1 5 3 1 
0.1951800145897066 3 1 -1 3 1 1 5 1 1 5 3 -1 
-0.2390457218668787 3 1 -1 3 1 1 5 1 0 5 3 0 
0.1951800145897066 3 1 -1 3 1 1 5 1 -1 5 3 1 
-0.2390457218668787 3 1 -1 3 1 0 5 1 1 5 3 0 
0.3903600291794132 3 1 -1 3 1 0 5 1 0 5 3 1 
-0.4364357804719847 3 1 -1 3 1 0 5 1 -1 5 3 2 
0.0975900072948533 3 1 -1 3 1 -1 5 1 1 5 3 1 
-0.2182178902359924 3 1 -1 3 1 -1 5 1 0 5 3 2 
0.3779644730092272 3 1 -1 3 1 -1 5 1 -1 5 3 3 

8 8 4
0.4472135954999579 3 1 1 3 1 1 5 1 -1 5 1 -1 
-0.894427190999916 3 1 0 3 1 1 5 1 -1 5 1 0 
0.2981423969999719 3 1 0 3 1 0 5 1 0 5 1 0 
0.2981423969999719 3 1 0 3 1 0 5 1 -1 5 1 1 
0.2981423969999719 3 1 -1 3 1 1 5 1 0 5 1 0 
0.2981423969999719 3 1 -1 3 1 1 5 1 -1 5 1 1 
-0.894427190999916 3 1 -1 3 1 0 5 1 0 5 1 1 
0.4472135954999579 3 1 -1 3 1 -1 5 1 1 5 1 1 

7 26 3
0.1869893980016914 4 2 2 5 5 -1 5 5 -1 
-0.3612978418647564 4 2 2 5 5 -2 5 5 0 
0.3231546138134259 4 2 2 5 5 -3 5 5 1 
-0.2591001102525183 4 2 2 5 5 -4 5 5 2 
0.1672484020014181 4 2 2 5 5 -5 5 5 3 
-0.06827887419989186 4 2 1 5 5 -1 5 5 0 
0.1978909779672615 4 2 1 5 5 -2 5 5 1 
-0.3053524082762297 4 2 1 5 5 -3 5 5 2 
0.3702201197435616 4 2 1 5 5 -4 5 5 3 
-0.3547874375934496 4 2 1 5 5 -5 5 5 4 
0.1526762041381148 4 2 0 5 5 0 5 5 0 
-0.2748171674486067 4 2 0 5 5 -1 5 5 1 
0.1832114449657378 4 2 0 5 5 -2 5 5 2 
-0.03053524082762296 4 2 0 5 5 -3 5 5 3 
-0.1832114449657378 4 2 0 5 5 -4 5 5 4 
0.4580286124143445 4 2 0 5 5 -5 5 5 5 
-0.06827887419989186 4 2 -1 5 5 0 5 5 1 
0.1978909779672615 4 2 -1 5 5 -1 5 5 2 
-0.3053524082762297 4 2 -1 5 5 -2 5 5 3 
0.3702201197435616 4 2 -1 5 5 -3 5 5 4 
-0.3547874375934496 4 2 -1 5 5 -4 5 5 5 
0.1869893980016914 4 2 -2 5 5 1 5 5 1 
-0.3612978418647564 4 2 -2 5 5 0 5 5 2 
0.3231546138134259 4 2 -2 5 5 -1 5 5 3 
-0.2591001102525183 4 2 -2 5 5 -2 5 5 4 
0.1672484020014181 4 2 -2 5 5 -3 5 5 5 

7 15 3
0.2390457218668787 4 2 2 5 3 -1 5 3 -1 
-0.4364357804719848 4 2 2 5 3 -2 5 3 0 
0.3086066999241838 4 2 2 5 3 -3 5 3 1 
-0.1380131118684708 4 2 1 5 3 -1 5 3 0 
0.3779644730092272 4 2 1 5 3 -2 5 3 1 
-0.4879500364742666 4 2 1 5 3 -3 5 3 2 
0.1951800145897066 4 2 0 5 3 0 5 3 0 
-0.2927700218845599 4 2 0 5 3 -1 5 3 1 
0.4879500364742666 4 2 0 5 3 -3 5 3 3 
-0.1380131118684708 4 2 -1 5 3 0 5 3 1 
0.3779644730092272 4 2 -1 5 3 -1 5 3 2 
-0.4879500364742666 4 2 -1 5 3 -2 5 3 3 
0.2390457218668787 4 2 -2 5 3 1 5 3 1 
-0.4364357804719848 4 2 -2 5 3 0 5 3 2 
0.3086066999241838 4 2 -2 5 3 -1 5 3 3 

7 15 3
0.3779644730092272 4 2 2 5 1 1 5 3 -3 
-0.2182178902359924 4 2 2 5 1 0 5 3 -2 
0.0975900072948533 4 2 2 5 1 -1 5 3 -1 
-0.3086066999241838 4 2 1 5 1 1 5 3 -2 
0.2760262237369416 4 2 1 5 1 0 5 3 -1 
-0.1690308509457033 4 2 1 5 1 -1 5 3 0 
0.2390457218668787 4 2 0 5 1 1 5 3 -1 
-0.2927700218845599 4 2 0 5 1 0 5 3 0 
0.2390457218668787 4 2 0 5 1 -1 5 3 1 
-0.1690308509457033 4 2 -1 5 1 1 5 3 0 
0.2760262237369416 4 2 -1 5 1 0 5 3 1 
-0.3086066999241838 4 2 -1 5 1 -1 5 3 2 
0.0975900072948533 4 2 -2 5 1 1 5 3 1 
-0.2182178902359924 4 2 -2 5 1 0 5 3 2 
0.3779644730092272 4 2 -2 5 1 -1 5 3 3 

7 6 3
0.4472135954999579 4 2 2 5 1 -1 5 1 -1 
-0.6324555320336759 4 2 1 5 1 -1 5 1 0 
0.3651483716701107 4 2 0 5 1 0 5 1 0 
0.3651483716701107 4 2 0 5 1 -1 5 1 1 
-0.6324555320336759 4 2 -1 5 1 0 5 1 1 
0.4472135954999579 4 2 -2 5 1 1 5 1 1 

7 27 3
0.3015113445777636 4 4 4 5 1 1 5 5 -5 
-0.1348399724926484 4 4 4 5 1 0 5 5 -4 
0.04494665749754948 4 4 4 5 1 -1 5 5 -3 
-0.2696799449852968 4 4 3 5 1 1 5 5 -4 
0.1797866299901979 4 4 3 5 1 0 5 5 -3 
-0.07784989441615228 4 4 3 5 1 -1 5 5 -2 
0.2378353560042253 4 4 2 5 1 1 5 5 -3 
-0.2059714602177749 4 4 2 5 1 0 5 5 -2 
0.1100963765126361 4 4 2 5 1 -1 5 5 -1 
-0.2059714602177749 4 4 1 5 1 1 5 5 -2 
0.2201927530252721 4 4 1 5 1 0 5 5 -1 
-0.1421338109037403 4 4 1 5 1 -1 5 5 0 
0.1740776559556978 4 4 0 5 1 1 5 5 -1 
-0.2247332874877474 4 4 0 5 1 0 5 5 0 
0.1740776559556978 4 4 0 5 1 -1 5 5 1 
-0.1421338109037403 4 4 -1 5 1 1 5 5 0 
0.2201927530252721 4 4 -1 5 1 0 5 5 1 
-0.2059714602177749 4 4 -1 5 1 -1 5 5 2 
0.1100963765126361 4 4 -2 5 1 1 5 5 1 
-0.2059714602177749 4 4 -2 5 1 0 5 5 2 
0.2378353560042253 4 4 -2 5 1 -1 5 5 3 
-0.07784989441615228 4 4 -3 5 1 1 5 5 2 
0.1797866299901979 4 4 -3 5 1 0 5 5 3 
-0.2696799449852968 4 4 -3 5 1 -1 5 5 4 
0.04494665749754948 4 4 -4 5 1 1 5 5 3 
-0.1348399724926484 4 4 -4 5 1 0 5 5 4 
0.3015113445777636 4 4 -4 5 1 -1 5 5 5 

7 24 3
-0.2247332874877474 4 4 4 5 3 -2 5 3 -2 
0.3481553119113957 4 4 4 5 3 -3 5 3 -1 
0.2010075630518424 4 4 3 5 3 -2 5 3 -1 
-0.4264014327112208 4 4 3 5 3 -3 5 3 0 
-0.1698823971458752 4 4 2 5 3 -1 5 3 -1 
0.09304842103984708 4 4 2 5 3 -2 5 3 0 
0.3947710169758614 4 4 2 5 3 -3 5 3 1 
0.2080625946441197 4 4 1 5 3 -1 5 3 0 
-0.3038948705590345 4 4 1 5 3 -2 5 3 1 
-0.2942449431682498 4 4 1 5 3 -3 5 3 2 
-0.1611645928050761 4 4 0 5 3 0 5 3 0 
0.05372153093502537 4 4 0 5 3 -1 5 3 1 
0.3760507165451774 4 4 0 5 3 -2 5 3 2 
0.161164592805076 4 4 0 5 3 -3 5 3 3 
0.2080625946441197 4 4 -1 5 3 0 5 3 1 
-0.3038948705590345 4 4 -1 5 3 -1 5 3 2 
-0.2942449431682498 4 4 -1 5 3 -2 5 3 3 
-0.1698823971458752 4 4 -2 5 3 1 5 3 1 
0.09304842103984708 4 4 -2 5 3 0 5 3 2 
0.3947710169758614 4 4 -2 5 3 -1 5 3 3 
0.2010075630518424 4 4 -3 5 3 1 5 3 2 
-0.4264014327112208 4 4 -3 5 3 0 5 3 3 
-0.2247332874877474 4 4 -4 5 3 2 5 3 2 
0.3481553119113957 4 4 -4 5 3 1 5 3 3 

7 21 3
0.3333333333333333 4 4 4 5 1 -1 5 3 -3 
-0.1666666666666667 4 4 3 5 1 0 5 3 -3 
-0.2886751345948129 4 4 3 5 1 -1 5 3 -2 
0.06299407883487121 4 4 2 5 1 1 5 3 -3 
0.2182178902359924 4 4 2 5 1 0 5 3 -2 
0.2439750182371333 4 4 2 5 1 -1 5 3 -1 
-0.1091089451179962 4 4 1 5 1 1 5 3 -2 
-0.2439750182371333 4 4 1 5 1 0 5 3 -1 
-0.1992047682223989 4 4 1 5 1 -1 5 3 0 
0.1543033499620919 4 4 0 5 1 1 5 3 -1 
0.2519763153394848 4 4 0 5 1 0 5 3 0 
0.1543033499620919 4 4 0 5 1 -1 5 3 1 
-0.1992047682223989 4 4 -1 5 1 1 5 3 0 
-0.2439750182371333 4 4 -1 5 1 0 5 3 1 
-0.1091089451179962 4 4 -1 5 1 -1 5 3 2 
0.2439750182371333 4 4 -2 5 1 1 5 3 1 
0.2182178902359924 4 4 -2 5 1 0 5 3 2 
0.06299407883487121 4 4 -2 5 1 -1 5 3 3 
-0.2886751345948129 4 4 -3 5 1 1 5 3 2 
-0.1666666666666667 4 4 -3 5 1 0 5 3 3 
0.3333333333333333 4 4 -4 5 1 1 5 3 3 

3 1 1
1 6 0 0 

6 7 2
0.2773500981126146 6 6 0 6 6 0 
-0.5547001962252292 6 6 -1 6 6 1 
0.5547001962252292 6 6 -2 6 6 2 
-0.5547001962252292 6 6 -3 6 6 3 
0.554700196225229 6 6 -4 6 6 4 
-0.5547001962252292 6 6 -5 6 6 5 
0.5547001962252292 6 6 -6 6 6 6 

6 5 2
0.3333333333333333 6 4 0 6 4 0 
-0.6666666666666667 6 4 -1 6 4 1 
0.6666666666666667 6 4 -2 6 4 2 
-0.6666666666666666 6 4 -3 6 4 3 
0.6666666666666666 6 4 -4 6 4 4 

6 3 2
0.4472135954999579 6 2 0 6 2 0 
-0.8944271909999159 6 2 -1 6 2 1 
0.8944271909999159 6 2 -2 6 2 2 

9 31 3
-0.1713786140993951 6 2 2 6 6 -1 6 6 -1 
0.3344968040028363 6 2 2 6 6 -2 6 6 0 
-0.3096838644555055 6 2 2 6 6 -3 6 6 1 
0.2681940937606046 6 2 2 6 6 -4 6 6 2 
-0.2096569673443837 6 2 2 6 6 -5 6 6 3 
0.1325987088263592 6 2 2 6 6 -6 6 6 4 
0.05288858853479449 6 2 1 6 6 -1 6 6 0 
-0.1548419322277527 6 2 1 6 6 -2 6 6 1 
0.2448265915705644 6 2 1 6 6 -3 6 6 2 
-0.3128931093873719 6 2 1 6 6 -4 6 6 3 
0.3445015510579287 6 2 1 6 6 -5 6 6 4 
-0.3109715368056965 6 2 1 6 6 -6 6 6 5 
-0.1399300524562882 6 2 0 6 6 0 6 6 0 
0.259870097418821 6 2 0 6 6 -1 6 6 1 
-0.1999000749375547 6 2 0 6 6 -2 6 6 2 
0.0999500374687773 6 2 0 6 6 -3 6 6 3 
0.03998001498751091 6 2 0 6 6 -4 6 6 4 
-0.2198900824313101 6 2 0 6 6 -5 6 6 5 
0.4397801648626202 6 2 0 6 6 -6 6 6 6 
0.05288858853479449 6 2 -1 6 6 0 6 6 1 
-0.1548419322277527 6 2 -1 6 6 -1 6 6 2 
0.2448265915705644 6 2 -1 6 6 -2 6 6 3 
-0.3128931093873719 6 2 -1 6 6 -3 6 6 4 
0.3445015510579287 6 2 -1 6 6 -4 6 6 5 
-0.3109715368056965 6 2 -1 6 6 -5 6 6 6 
-0.1713786140993951 6 2 -2 6 6 1 6 6 1 
0.3344968040028363 6 2 -2 6 6 0 6 6 2 
-0.3096838644555055 6 2 -2 6 6 -1 6 6 3 
0.2681940937606046 6 2 -2 6 6 -2 6 6 4 
-0.2096569673443837 6 2 -2 6 6 -3 6 6 5 
0.1325987088263592 6 2 -2 6 6 -4 6 6 6 

9 21 3
-0.2080625946441198 6 2 2 6 4 -1 6 4 -1 
0.3947710169758614 6 2 2 6 4 -2 6 4 0 
-0.3302891295379082 6 2 2 6 4 -3 6 4 1 
0.2201927530252721 6 2 2 6 4 -4 6 4 2 
0.09304842103984708 6 2 1 6 4 -1 6 4 0 
-0.2648204488514249 6 2 1 6 4 -2 6 4 1 
0.3892494720807615 6 2 1 6 4 -3 6 4 2 
-0.4119429204355498 6 2 1 6 4 -4 6 4 3 
-0.1698823971458752 6 2 0 6 4 0 6 4 0 
0.2888000751479878 6 2 0 6 4 -1 6 4 1 
-0.1359059177167001 6 2 0 6 4 -2 6 4 2 
-0.1189176780021126 6 2 0 6 4 -3 6 4 3 
0.4756707120084505 6 2 0 6 4 -4 6 4 4 
0.09304842103984708 6 2 -1 6 4 0 6 4 1 
-0.2648204488514249 6 2 -1 6 4 -1 6 4 2 
0.3892494720807615 6 2 -1 6 4 -2 6 4 3 
-0.4119429204355498 6 2 -1 6 4 -3 6 4 4 
-0.2080625946441198 6 2 -2 6 4 1 6 4 1 
0.3947710169758614 6 2 -2 6 4 0 6 4 2 
-0.3302891295379082 6 2 -2 6 4 -1 6 4 3 
0.2201927530252721 6 2 -2 6 4 -2 6 4 4 

9 15 3
0.3333333333333333 6 2 2 6 2 2 6 4 -4 
-0.4714045207910317 6 2 1 6 2 2 6 4 -3 
0.2519763153394848 6 2 1 6 2 1 6 4 -2 
0.3086066999241838 6 2 0 6 2 2 6 4 -2 
-0.4364357804719848 6 2 0 6 2 1 6 4 -1 
0.2390457218668787 6 2 0 6 2 0 6 4 0 
-0.1781741612749496 6 2 -1 6 2 2 6 4 -1 
0.3187276291558383 6 2 -1 6 2 1 6 4 0 
-0.4364357804719848 6 2 -1 6 2 0 6 4 1 
0.2519763153394848 6 2 -1 6 2 -1 6 4 2 
0.07968190728895958 6 2 -2 6 2 2 6 4 0 
-0.1781741612749496 6 2 -2 6 2 1 6 4 1 
0.3086066999241838 6 2 -2 6 2 0 6 4 2 
-0.4714045207910317 6 2 -2 6 2 -1 6 4 3 
0.3333333333333333 6 2 -2 6 2 -2 6 4 4 

9 5 3
-0.2390457218668787 6 2 0 6 2 0 6 2 0 
0.7171371656006362 6 2 -1 6 2 0 6 2 1 
-0.8783100656536798 6 2 -1 6 2 -1 6 2 2 
-0.8783100656536798 6 2 -2 6 2 1 6 2 1 
1.434274331201273 6 2 -2 6 2 0 6 2 2 

9 13 3
0.1340970468803023 6 4 0 6 4 0 6 4 0 
-0.4022911406409067 6 4 -1 6 4 0 6 4 1 
0.4240520956441317 6 4 -1 6 4 -1 6 4 2 
0.4240520956441317 6 4 -2 6 4 1 6 4 1 
-0.4916891718944416 6 4 -2 6 4 0 6 4 2 
-0.3739787960033828 6 4 -2 6 4 -1 6 4 3 
0.5609681940050741 6 4 -2 6 4 -2 6 4 4 
-0.3739787960033828 6 4 -3 6 4 1 6 4 2 
0.9386793281621157 6 4 -3 6 4 0 6 4 3 
-0.9894548898363071 6 4 -3 6 4 -1 6 4 4 
0.5609681940050741 6 4 -4 6 4 2 6 4 2 
-0.9894548898363071 6 4 -4 6 4 1 6 4 3 
0.6257862187747438 6 4 -4 6 4 0 6 4 4 

9 25 3
-0.09305950021129074 6 6 0 6 6 0 6 6 0 
0.2791785006338721 6 6 -1 6 6 0 6 6 1 
-0.2860728350909709 6 6 -1 6 6 -1 6 6 2 
-0.2860728350909709 6 6 -2 6 6 1 6 6 1 
0.3070963506972594 6 6 -2 6 6 0 6 6 2 
0.2713925206767633 6 6 -2 6 6 -1 6 6 3 
-0.3133770897375606 6 6 -2 6 6 -2 6 6 4 
0.2713925206767633 6 6 -3 6 6 1 6 6 2 
-0.6002337763628253 6 6 -3 6 6 0 6 6 3 
0.4129105708690288 6 6 -3 6 6 -1 6 6 4 
0.2449781400787759 6 6 -3 6 6 -2 6 6 5 
-0.4243145853601653 6 6 -3 6 6 -3 6 6 6 
-0.3133770897375606 6 6 -4 6 6 2 6 6 2 
0.4129105708690287 6 6 -4 6 6 1 6 6 3 
0.1116714002535489 6 6 -4 6 6 0 6 6 4 
-0.6364718780402479 6 6 -4 6 6 -1 6 6 5 
0.7746888996007126 6 6 -4 6 6 -2 6 6 6 
0.2449781400787759 6 6 -5 6 6 2 6 6 3 
-0.6364718780402479 6 6 -5 6 6 1 6 6 4 
0.7677408767431486 6 6 -5 6 6 0 6 6 5 
-0.574524664518861 6 6 -5 6 6 -1 6 6 6 
-0.4243145853601653 6 6 -6 6 6 3 6 6 3 
0.7746888996007126 6 6 -6 6 6 2 6 6 4 
-0.574524664518861 6 6 -6 6 6 1 6 6 5 
0.3070963506972594 6 6 -6 6 6 0 6 6 6 

12 31 4
-0.2182178902359924 6 2 1 6 2 1 6 2 2 6 4 -4 
0.1543033499620919 6 2 1 6 2 1 6 2 1 6 4 -3 
0.3563483225498992 6 2 0 6 2 2 6 2 2 6 4 -4 
-0.1259881576697424 6 2 0 6 2 1 6 2 2 6 4 -3 
-0.2357022603955158 6 2 0 6 2 1 6 2 1 6 4 -2 
0.08247860988423224 6 2 0 6 2 0 6 2 2 6 4 -2 
0.2332847374079217 6 2 0 6 2 0 6 2 1 6 4 -1 
-0.127775312999988 6 2 0 6 2 0 6 2 0 6 4 0 
-0.3086066999241838 6 2 -1 6 2 2 6 2 2 6 4 -3 
0.4123930494211612 6 2 -1 6 2 1 6 2 2 6 4 -2 
-0.05832118435198045 6 2 -1 6 2 1 6 2 1 6 4 -1 
-0.3333333333333333 6 2 -1 6 2 0 6 2 2 6 4 -1 
-0.042591770999996 6 2 -1 6 2 0 6 2 1 6 4 0 
0.2332847374079217 6 2 -1 6 2 0 6 2 0 6 4 1 
0.1825741858350554 6 2 -1 6 2 -1 6 2 2 6 4 0 
-0.05832118435198045 6 2 -1 6 2 -1 6 2 1 6 4 1 
-0.2357022603955158 6 2 -1 6 2 -1 6 2 0 6 4 2 
0.1543033499620919 6 2 -1 6 2 -1 6 2 -1 6 4 3 
0.1649572197684645 6 2 -2 6 2 2 6 2 2 6 4 -2 
-0.3499271061118826 6 2 -2 6 2 1 6 2 2 6 4 -1 
0.1825741858350554 6 2 -2 6 2 1 6 2 1 6 4 0 
0.340734167999968 6 2 -2 6 2 0 6 2 2 6 4 0 
-0.3333333333333333 6 2 -2 6 2 0 6 2 1 6 4 1 
0.08247860988423224 6 2 -2 6 2 0 6 2 0 6 4 2 
-0.3499271061118826 6 2 -2 6 2 -1 6 2 2 6 4 1 
0.4123930494211612 6 2 -2 6 2 -1 6 2 1 6 4 2 
-0.1259881576697424 6 2 -2 6 2 -1 6 2 0 6 4 3 
-0.2182178902359924 6 2 -2 6 2 -1 6 2 -1 6 4 4 
0.1649572197684645 6 2 -2 6 2 -2 6 2 2 6 4 2 
-0.3086066999241838 6 2 -2 6 2 -2 6 2 1 6 4 3 
0.3563483225498992 6 2 -2 6 2 -2 6 2 0 6 4 4 

7 31 3
-0.1713786140993951 2 2 2 6 6 -1 6 6 -1 
0.3344968040028363 2 2 2 6 6 -2 6 6 0 
-0.3096838644555055 2 2 2 6 6 -3 6 6 1 
0.2681940937606046 2 2 2 6 6 -4 6 6 2 
-0.2096569673443837 2 2 2 6 6 -5 6 6 3 
0.1325987088263592 2 2 2 6 6 -6 6 6 4 
0.05288858853479449 2 2 1 6 6 -1 6 6 0 
-0.1548419322277527 2 2 1 6 6 -2 6 6 1 
0.2448265915705644 2 2 1 6 6 -3 6 6 2 
-0.3128931093873719 2 2 1 6 6 -4 6 6 3 
0.3445015510579287 2 2 1 6 6 -5 6 6 4 
-0.3109715368056965 2 2 1 6 6 -6 6 6 5 
-0.1399300524562882 2 2 0 6 6 0 6 6 0 
0.259870097418821 2 2 0 6 6 -1 6 6 1 
-0.1999000749375547 2 2 0 6 6 -2 6 6 2 
0.0999500374687773 2 2 0 6 6 -3 6 6 3 
0.03998001498751091 2 2 0 6 6 -4 6 6 4 
-0.2198900824313101 2 2 0 6 6 -5 6 6 5 
0.4397801648626202 2 2 0 6 6 -6 6 6 6 
0.05288858853479449 2 2 -1 6 6 0 6 6 1 
-0.1548419322277527 2 2 -1 6 6 -1 6 6 2 
0.2448265915705644 2 2 -1 6 6 -2 6 6 3 
-0.3128931093873719 2 2 -1 6 6 -3 6 6 4 
0.3445015510579287 2 2 -1 6 6 -4 6 6 5 
-0.3109715368056965 2 2 -1 6 6 -5 6 6 6 
-0.1713786140993951 2 2 -2 6 6 1 6 6 1 
0.3344968040028363 2 2 -2 6 6 0 6 6 2 
-0.3096838644555055 2 2 -2 6 6 -1 6 6 3 
0.2681940937606046 2 2 -2 6 6 -2 6 6 4 
-0.2096569673443837 2 2 -2 6 6 -3 6 6 5 
0.1325987088263592 2 2 -2 6 6 -4 6 6 6 

7 21 3
-0.2080625946441198 2 2 2 6 4 -1 6 4 -1 
0.3947710169758614 2 2 2 6 4 -2 6 4 0 
-0.3302891295379082 2 2 2 6 4 -3 6 4 1 
0.2201927530252721 2 2 2 6 4 -4 6 4 2 
0.09304842103984708 2 2 1 6 4 -1 6 4 0 
-0.2648204488514249 2 2 1 6 4 -2 6 4 1 
0.3892494720807615 2 2 1 6 4 -3 6 4 2 
-0.4119429204355498 2 2 1 6 4 -4 6 4 3 
-0.1698823971458752 2 2 0 6 4 0 6 4 0 
0.2888000751479878 2 2 0 6 4 -1 6 4 1 
-0.1359059177167001 2 2 0 6 4 -2 6 4 2 
-0.1189176780021126 2 2 0 6 4 -3 6 4 3 
0.4756707120084505 2 2 0 6 4 -4 6 4 4 
0.09304842103984708 2 2 -1 6 4 0 6 4 1 
-0.2648204488514249 2 2 -1 6 4 -1 6 4 2 
0.3892494720807615 2 2 -1 6 4 -2 6 4 3 
-0.4119429204355498 2 2 -1 6 4 -3 6 4 4 
-0.2080625946441198 2 2 -2 6 4 1 6 4 1 
0.3947710169758614 2 2 -2 6 4 0 6 4 2 
-0.3302891295379082 2 2 -2 6 4 -1 6 4 3 
0.2201927530252721 2 2 -2 6 4 -2 6 4 4 

7 25 3
0.3333333333333333 2 2 2 6 2 2 6 4 -4 
-0.2357022603955158 2 2 2 6 2 1 6 4 -3 
0.1543033499620919 2 2 2 6 2 0 6 4 -2 
-0.08908708063747479 2 2 2 6 2 -1 6 4 -1 
0.03984095364447979 2 2 2 6 2 -2 6 4 0 
-0.2357022603955158 2 2 1 6 2 2 6 4 -3 
0.2519763153394848 2 2 1 6 2 1 6 4 -2 
-0.2182178902359924 2 2 1 6 2 0 6 4 -1 
0.1593638145779192 2 2 1 6 2 -1 6 4 0 
-0.08908708063747479 2 2 1 6 2 -2 6 4 1 
0.1543033499620919 2 2 0 6 2 2 6 4 -2 
-0.2182178902359924 2 2 0 6 2 1 6 4 -1 
0.2390457218668787 2 2 0 6 2 0 6 4 0 
-0.2182178902359924 2 2 0 6 2 -1 6 4 1 
0.1543033499620919 2 2 0 6 2 -2 6 4 2 
-0.08908708063747479 2 2 -1 6 2 2 6 4 -1 
0.1593638145779192 2 2 -1 6 2 1 6 4 0 
-0.2182178902359924 2 2 -1 6 2 0 6 4 1 
0.2519763153394848 2 2 -1 6 2 -1 6 4 2 
-0.2357022603955158 2 2 -1 6 2 -2 6 4 3 
0.03984095364447979 2 2 -2 6 2 2 6 4 0 
-0.08908708063747479 2 2 -2 6 2 1 6 4 1 
0.1543033499620919 2 2 -2 6 2 0 6 4 2 
-0.2357022603955158 2 2 -2 6 2 -1 6 4 3 
0.3333333333333333 2 2 -2 6 2 -2 6 4 4 

7 11 3
-0.2927700218845599 2 2 2 6 2 -1 6 2 -1 
0.4780914437337575 2 2 2 6 2 -2 6 2 0 
0.2390457218668787 2 2 1 6 2 -1 6 2 0 
-0.5855400437691198 2 2 1 6 2 -2 6 2 1 
-0.2390457218668787 2 2 0 6 2 0 6 2 0 
0.2390457218668787 2 2 0 6 2 -1 6 2 1 
0.4780914437337575 2 2 0 6 2 -2 6 2 2 
0.2390457218668787 2 2 -1 6 2 0 6 2 1 
-0.5855400437691198 2 2 -1 6 2 -1 6 2 2 
-0.2927700218845599 2 2 -2 6 2 1 6 2 1 
0.4780914437337575 2 2 -2 6 2 0 6 2 2 

8 25 4
0.1916629694999819 2 2 1 2 2 1 6 2 -1 6 2 -1 
-0.3129843185743806 2 2 1 2 2 1 6 2 -2 6 2 0 
-0.3129843185743806 2 2 0 2 2 2 6 2 -1 6 2 -1 
0.5111012519999519 2 2 0 2 2 2 6 2 -2 6 2 0 
-0.127775312999988 2 2 0 2 2 1 6 2 -1 6 2 0 
0.3129843185743806 2 2 0 2 2 1 6 2 -2 6 2 1 
0.127775312999988 2 2 0 2 2 0 6 2 0 6 2 0 
-0.127775312999988 2 2 0 2 2 0 6 2 -1 6 2 1 
-0.255550625999976 2 2 0 2 2 0 6 2 -2 6 2 2 
0.3129843185743806 2 2 -1 2 2 2 6 2 -1 6 2 0 
-0.7666518779999277 2 2 -1 2 2 2 6 2 -2 6 2 1 
-0.127775312999988 2 2 -1 2 2 1 6 2 0 6 2 0 
0.127775312999988 2 2 -1 2 2 1 6 2 -1 6 2 1 
0.255550625999976 2 2 -1 2 2 1 6 2 -2 6 2 2 
-0.127775312999988 2 2 -1 2 2 0 6 2 0 6 2 1 
0.3129843185743806 2 2 -1 2 2 0 6 2 -1 6 2 2 
0.1916629694999819 2 2 -1 2 2 -1 6 2 1 6 2 1 
-0.3129843185743806 2 2 -1 2 2 -1 6 2 0 6 2 2 
-0.255550625999976 2 2 -2 2 2 2 6 2 0 6 2 0 
0.255550625999976 2 2 -2 2 2 2 6 2 -1 6 2 1 
0.5111012519999519 2 2 -2 2 2 2 6 2 -2 6 2 2 
0.3129843185743806 2 2 -2 2 2 1 6 2 0 6 2 1 
-0.7666518779999277 2 2 -2 2 2 1 6 2 -1 6 2 2 
-0.3129843185743806 2 2 -2 2 2 0 6 2 1 6 2 1 
0.5111012519999519 2 2 -2 2 2 0 6 2 0 6 2 2 

9 26 4
-0.2080625946441198 3 1 1 3 1 1 6 4 -1 6 4 -1 
0.3947710169758614 3 1 1 3 1 1 6 4 -2 6 4 0 
-0.3302891295379082 3 1 1 3 1 1 6 4 -3 6 4 1 
0.2201927530252721 3 1 1 3 1 1 6 4 -4 6 4 2 
0.1315903389919538 3 1 0 3 1 1 6 4 -1 6 4 0 
-0.3745126703594156 3 1 0 3 1 1 6 4 -2 6 4 1 
0.5504818825631803 3 1 0 3 1 1 6 4 -3 6 4 2 
-0.5825752650035354 3 1 0 3 1 1 6 4 -4 6 4 3 
-0.1387083964294132 3 1 0 3 1 0 6 4 0 6 4 0 
0.2358042739300024 3 1 0 3 1 0 6 4 -1 6 4 1 
-0.1109667171435305 3 1 0 3 1 0 6 4 -2 6 4 2 
-0.09709587750058921 3 1 0 3 1 0 6 4 -3 6 4 3 
0.3883835100023569 3 1 0 3 1 0 6 4 -4 6 4 4 
-0.1387083964294132 3 1 -1 3 1 1 6 4 0 6 4 0 
0.2358042739300024 3 1 -1 3 1 1 6 4 -1 6 4 1 
-0.1109667171435305 3 1 -1 3 1 1 6 4 -2 6 4 2 
-0.09709587750058921 3 1 -1 3 1 1 6 4 -3 6 4 3 
0.3883835100023569 3 1 -1 3 1 1 6 4 -4 6 4 4 
0.1315903389919538 3 1 -1 3 1 0 6 4 0 6 4 1 
-0.3745126703594156 3 1 -1 3 1 0 6 4 -1 6 4 2 
0.5504818825631803 3 1 -1 3 1 0 6 4 -2 6 4 3 
-0.5825752650035354 3 1 -1 3 1 0 6 4 -3 6 4 4 
-0.2080625946441198 3 1 -1 3 1 -1 6 4 1 6 4 1 
0.3947710169758614 3 1 -1 3 1 -1 6 4 0 6 4 2 
-0.3302891295379082 3 1 -1 3 1 -1 6 4 -1 6 4 3 
0.2201927530252721 3 1 -1 3 1 -1 6 4 -2 6 4 4 

9 30 4
0.3333333333333333 3 1 1 3 1 1 6 2 2 6 4 -4 
-0.2357022603955158 3 1 1 3 1 1 6 2 1 6 4 -3 
0.1543033499620919 3 1 1 3 1 1 6 2 0 6 4 -2 
-0.08908708063747479 3 1 1 3 1 1 6 2 -1 6 4 -1 
0.03984095364447979 3 1 1 3 1 1 6 2 -2 6 4 0 
-0.3333333333333334 3 1 0 3 1 1 6 2 2 6 4 -3 
0.3563483225498992 3 1 0 3 1 1 6 2 1 6 4 -2 
-0.3086066999241839 3 1 0 3 1 1 6 2 0 6 4 -1 
0.2253744679276044 3 1 0 3 1 1 6 2 -1 6 4 0 
-0.1259881576697424 3 1 0 3 1 1 6 2 -2 6 4 1 
0.1259881576697424 3 1 0 3 1 0 6 2 2 6 4 -2 
-0.1781741612749496 3 1 0 3 1 0 6 2 1 6 4 -1 
0.1951800145897066 3 1 0 3 1 0 6 2 0 6 4 0 
-0.1781741612749496 3 1 0 3 1 0 6 2 -1 6 4 1 
0.1259881576697424 3 1 0 3 1 0 6 2 -2 6 4 2 
0.1259881576697424 3 1 -1 3 1 1 6 2 2 6 4 -2 
-0.1781741612749496 3 1 -1 3 1 1 6 2 1 6 4 -1 
0.1951800145897066 3 1 -1 3 1 1 6 2 0 6 4 0 
-0.1781741612749496 3 1 -1 3 1 1 6 2 -1 6 4 1 
0.1259881576697424 3 1 -1 3 1 1 6 2 -2 6 4 2 
-0.1259881576697424 3 1 -1 3 1 0 6 2 2 6 4 -1 
0.2253744679276044 3 1 -1 3 1 0 6 2 1 6 4 0 
-0.3086066999241839 3 1 -1 3 1 0 6 2 0 6 4 1 
0.3563483225498992 3 1 -1 3 1 0 6 2 -1 6 4 2 
-0.3333333333333334 3 1 -1 3 1 0 6 2 -2 6 4 3 
0.03984095364447979 3 1 -1 3 1 -1 6 2 2 6 4 0 
-0.08908708063747479 3 1 -1 3 1 -1 6 2 1 6 4 1 
0.1543033499620919 3 1 -1 3 1 -1 6 2 0 6 4 2 
-0.2357022603955158 3 1 -1 3 1 -1 6 2 -1 6 4 3 
0.3333333333333333 3 1 -1 3 1 -1 6 2 -2 6 4 4 

9 14 4
-0.2927700218845599 3 1 1 3 1 1 6 2 -1 6 2 -1 
0.4780914437337575 3 1 1 3 1 1 6 2 -2 6 2 0 
0.3380617018914067 3 1 0 3 1 1 6 2 -1 6 2 0 
-0.828078671210825 3 1 0 3 1 1 6 2 -2 6 2 1 
-0.1951800145897066 3 1 0 3 1 0 6 2 0 6 2 0 
0.1951800145897066 3 1 0 3 1 0 6 2 -1 6 2 1 
0.3903600291794133 3 1 0 3 1 0 6 2 -2 6 2 2 
-0.1951800145897066 3 1 -1 3 1 1 6 2 0 6 2 0 
0.1951800145897066 3 1 -1 3 1 1 6 2 -1 6 2 1 
0.3903600291794133 3 1 -1 3 1 1 6 2 -2 6 2 2 
0.3380617018914067 3 1 -1 3 1 0 6 2 0 6 2 1 
-0.828078671210825 3 1 -1 3 1 0 6 2 -1 6 2 2 
-0.2927700218845599 3 1 -1 3 1 -1 6 2 1 6 2 1 
0.4780914437337575 3 1 -1 3 1 -1 6 2 0 6 2 2 

8 21 3
-0.2080625946441198 4 2 2 6 4 -1 6 4 -1 
0.3947710169758614 4 2 2 6 4 -2 6 4 0 
-0.3302891295379082 4 2 2 6 4 -3 6 4 1 
0.2201927530252721 4 2 2 6 4 -4 6 4 2 
0.09304842103984708 4 2 1 6 4 -1 6 4 0 
-0.2648204488514249 4 2 1 6 4 -2 6 4 1 
0.3892494720807615 4 2 1 6 4 -3 6 4 2 
-0.4119429204355498 4 2 1 6 4 -4 6 4 3 
-0.1698823971458752 4 2 0 6 4 0 6 4 0 
0.2888000751479878 4 2 0 6 4 -1 6 4 1 
-0.1359059177167001 4 2 0 6 4 -2 6 4 2 
-0.1189176780021126 4 2 0 6 4 -3 6 4 3 
0.4756707120084505 4 2 0 6 4 -4 6 4 4 
0.09304842103984708 4 2 -1 6 4 0 6 4 1 
-0.2648204488514249 4 2 -1 6 4 -1 6 4 2 
0.3892494720807615 4 2 -1 6 4 -2 6 4 3 
-0.4119429204355498 4 2 -1 6 4 -3 6 4 4 
-0.2080625946441198 4 2 -2 6 4 1 6 4 1 
0.3947710169758614 4 2 -2 6 4 0 6 4 2 
-0.3302891295379082 4 2 -2 6 4 -1 6 4 3 
0.2201927530252721 4 2 -2 6 4 -2 6 4 4 

8 25 3
0.3333333333333333 4 2 2 6 2 2 6 4 -4 
-0.2357022603955158 4 2 2 6 2 1 6 4 -3 
0.1543033499620919 4 2 2 6 2 0 6 4 -2 
-0.08908708063747479 4 2 2 6 2 -1 6 4 -1 
0.03984095364447979 4 2 2 6 2 -2 6 4 0 
-0.2357022603955158 4 2 1 6 2 2 6 4 -3 
0.2519763153394848 4 2 1 6 2 1 6 4 -2 
-0.2182178902359924 4 2 1 6 2 0 6 4 -1 
0.1593638145779192 4 2 1 6 2 -1 6 4 0 
-0.08908708063747479 4 2 1 6 2 -2 6 4 1 
0.1543033499620919 4 2 0 6 2 2 6 4 -2 
-0.2182178902359924 4 2 0 6 2 1 6 4 -1 
0.2390457218668787 4 2 0 6 2 0 6 4 0 
-0.2182178902359924 4 2 0 6 2 -1 6 4 1 
0.1543033499620919 4 2 0 6 2 -2 6 4 2 
-0.08908708063747479 4 2 -1 6 2 2 6 4 -1 
0.1593638145779192 4 2 -1 6 2 1 6 4 0 
-0.2182178902359924 4 2 -1 6 2 0 6 4 1 
0.2519763153394848 4 2 -1 6 2 -1 6 4 2 
-0.2357022603955158 4 2 -1 6 2 -2 6 4 3 
0.03984095364447979 4 2 -2 6 2 2 6 4 0 
-0.08908708063747479 4 2 -2 6 2 1 6 4 1 
0.1543033499620919 4 2 -2 6 2 0 6 4 2 
-0.2357022603955158 4 2 -2 6 2 -1 6 4 3 
0.3333333333333333 4 2 -2 6 2 -2 6 4 4 

8 11 3
-0.2927700218845599 4 2 2 6 2 -1 6 2 -1 
0.4780914437337575 4 2 2 6 2 -2 6 2 0 
0.2390457218668787 4 2 1 6 2 -1 6 2 0 
-0.5855400437691198 4 2 1 6 2 -2 6 2 1 
-0.2390457218668787 4 2 0 6 2 0 6 2 0 
0.2390457218668787 4 2 0 6 2 -1 6 2 1 
0.4780914437337575 4 2 0 6 2 -2 6 2 2 
0.2390457218668787 4 2 -1 6 2 0 6 2 1 
-0.5855400437691198 4 2 -1 6 2 -1 6 2 2 
-0.2927700218845599 4 2 -2 6 2 1 6 2 1 
0.4780914437337575 4 2 -2 6 2 0 6 2 2 

8 15 3
0.3333333333333333 4 4 4 6 2 -2 6 2 -2 
-0.4714045207910316 4 4 3 6 2 -2 6 2 -1 
0.2519763153394848 4 4 2 6 2 -1 6 2 -1 
0.3086066999241838 4 4 2 6 2 -2 6 2 0 
-0.4364357804719847 4 4 1 6 2 -1 6 2 0 
-0.1781741612749496 4 4 1 6 2 -2 6 2 1 
0.2390457218668787 4 4 0 6 2 0 6 2 0 
0.3187276291558382 4 4 0 6 2 -1 6 2 1 
0.07968190728895956 4 4 0 6 2 -2 6 2 2 
-0.4364357804719847 4 4 -1 6 2 0 6 2 1 
-0.1781741612749496 4 4 -1 6 2 -1 6 2 2 
0.2519763153394848 4 4 -2 6 2 1 6 2 1 
0.3086066999241838 4 4 -2 6 2 0 6 2 2 
-0.4714045207910316 4 4 -3 6 2 1 6 2 2 
0.3333333333333333 4 4 -4 6 2 2 6 2 2 

10 25 4
0.1916629694999819 4 2 1 4 2 1 6 2 -1 6 2 -1 
-0.3129843185743806 4 2 1 4 2 1 6 2 -2 6 2 0 
-0.3129843185743806 4 2 0 4 2 2 6 2 -1 6 2 -1 
0.5111012519999519 4 2 0 4 2 2 6 2 -2 6 2 0 
-0.127775312999988 4 2 0 4 2 1 6 2 -1 6 2 0 
0.3129843185743806 4 2 0 4 2 1 6 2 -2 6 2 1 
0.127775312999988 4 2 0 4 2 0 6 2 0 6 2 0 
-0.127775312999988 4 2 0 4 2 0 6 2 -1 6 2 1 
-0.255550625999976 4 2 0 4 2 0 6 2 -2 6 2 2 
0.3129843185743806 4 2 -1 4 2 2 6 2 -1 6 2 0 
-0.7666518779999277 4 2 -1 4 2 2 6 2 -2 6 2 1 
-0.127775312999988 4 2 -1 4 2 1 6 2 0 6 2 0 
0.127775312999988 4 2 -1 4 2 1 6 2 -1 6 2 1 
0.255550625999976 4 2 -1 4 2 1 6 2 -2 6 2 2 
-0.127775312999988 4 2 -1 4 2 0 6 2 0 6 2 1 
0.3129843185743806 4 2 -1 4 2 0 6 2 -1 6 2 2 
0.1916629694999819 4 2 -1 4 2 -1 6 2 1 6 2 1 
-0.3129843185743806 4 2 -1 4 2 -1 6 2 0 6 2 2 
-0.255550625999976 4 2 -2 4 2 2 6 2 0 6 2 0 
0.255550625999976 4 2 -2 4 2 2 6 2 -1 6 2 1 
0.5111012519999519 4 2 -2 4 2 2 6 2 -2 6 2 2 
0.3129843185743806 4 2 -2 4 2 1 6 2 0 6 2 1 
-0.7666518779999277 4 2 -2 4 2 1 6 2 -1 6 2 2 
-0.3129843185743806 4 2 -2 4 2 0 6 2 1 6 2 1 
0.5111012519999519 4 2 -2 4 2 0 6 2 0 6 2 2 

10 29 4
0.3333333333333333 4 2 2 4 2 2 6 2 -2 6 2 -2 
-0.6666666666666665 4 2 1 4 2 2 6 2 -2 6 2 -1 
0.1904761904761904 4 2 1 4 2 1 6 2 -1 6 2 -1 
0.2332847374079217 4 2 1 4 2 1 6 2 -2 6 2 0 
0.2332847374079217 4 2 0 4 2 2 6 2 -1 6 2 -1 
0.2857142857142856 4 2 0 4 2 2 6 2 -2 6 2 0 
-0.5714285714285713 4 2 0 4 2 1 6 2 -1 6 2 0 
-0.2332847374079217 4 2 0 4 2 1 6 2 -2 6 2 1 
0.1714285714285714 4 2 0 4 2 0 6 2 0 6 2 0 
0.2285714285714285 4 2 0 4 2 0 6 2 -1 6 2 1 
0.05714285714285713 4 2 0 4 2 0 6 2 -2 6 2 2 
-0.2332847374079217 4 2 -1 4 2 2 6 2 -1 6 2 0 
-0.09523809523809525 4 2 -1 4 2 2 6 2 -2 6 2 1 
0.2285714285714285 4 2 -1 4 2 1 6 2 0 6 2 0 
0.3047619047619047 4 2 -1 4 2 1 6 2 -1 6 2 1 
0.07619047619047617 4 2 -1 4 2 1 6 2 -2 6 2 2 
-0.5714285714285713 4 2 -1 4 2 0 6 2 0 6 2 1 
-0.2332847374079217 4 2 -1 4 2 0 6 2 -1 6 2 2 
0.1904761904761904 4 2 -1 4 2 -1 6 2 1 6 2 1 
0.2332847374079217 4 2 -1 4 2 -1 6 2 0 6 2 2 
0.05714285714285713 4 2 -2 4 2 2 6 2 0 6 2 0 
0.07619047619047617 4 2 -2 4 2 2 6 2 -1 6 2 1 
0.01904761904761904 4 2 -2 4 2 2 6 2 -2 6 2 2 
-0.2332847374079217 4 2 -2 4 2 1 6 2 0 6 2 1 
-0.09523809523809525 4 2 -2 4 2 1 6 2 -1 6 2 2 
0.2332847374079217 4 2 -2 4 2 0 6 2 1 6 2 1 
0.2857142857142856 4 2 -2 4 2 0 6 2 0 6 2 2 
-0.6666666666666665 4 2 -2 4 2 -1 6 2 1 6 2 2 
0.3333333333333333 4 2 -2 4 2 -2 6 2 2 6 2 2 

11 26 4
-0.2080625946441198 5 1 1 5 1 1 6 4 -1 6 4 -1 
0.3947710169758614 5 1 1 5 1 1 6 4 -2 6 4 0 
-0.3302891295379082 5 1 1 5 1 1 6 4 -3 6 4 1 
0.2201927530252721 5 1 1 5 1 1 6 4 -4 6 4 2 
0.1315903389919538 5 1 0 5 1 1 6 4 -1 6 4 0 
-0.3745126703594156 5 1 0 5 1 1 6 4 -2 6 4 1 
0.5504818825631803 5 1 0 5 1 1 6 4 -3 6 4 2 
-0.5825752650035354 5 1 0 5 1 1 6 4 -4 6 4 3 
-0.1387083964294132 5 1 0 5 1 0 6 4 0 6 4 0 
0.2358042739300024 5 1 0 5 1 0 6 4 -1 6 4 1 
-0.1109667171435305 5 1 0 5 1 0 6 4 -2 6 4 2 
-0.09709587750058921 5 1 0 5 1 0 6 4 -3 6 4 3 
0.3883835100023569 5 1 0 5 1 0 6 4 -4 6 4 4 
-0.1387083964294132 5 1 -1 5 1 1 6 4 0 6 4 0 
0.2358042739300024 5 1 -1 5 1 1 6 4 -1 6 4 1 
-0.1109667171435305 5 1 -1 5 1 1 6 4 -2 6 4 2 
-0.09709587750058921 5 1 -1 5 1 1 6 4 -3 6 4 3 
0.3883835100023569 5 1 -1 5 1 1 6 4 -4 6 4 4 
0.1315903389919538 5 1 -1 5 1 0 6 4 0 6 4 1 
-0.3745126703594156 5 1 -1 5 1 0 6 4 -1 6 4 2 
0.5504818825631803 5 1 -1 5 1 0 6 4 -2 6 4 3 
-0.5825752650035354 5 1 -1 5 1 0 6 4 -3 6 4 4 
-0.2080625946441198 5 1 -1 5 1 -1 6 4 1 6 4 1 
0.3947710169758614 5 1 -1 5 1 -1 6 4 0 6 4 2 
-0.3302891295379082 5 1 -1 5 1 -1 6 4 -1 6 4 3 
0.2201927530252721 5 1 -1 5 1 -1 6 4 -2 6 4 4 

11 30 4
0.3333333333333333 5 1 1 5 1 1 6 2 2 6 4 -4 
-0.2357022603955158 5 1 1 5 1 1 6 2 1 6 4 -3 
0.1543033499620919 5 1 1 5 1 1 6 2 0 6 4 -2 
-0.08908708063747479 5 1 1 5 1 1 6 2 -1 6 4 -1 
0.03984095364447979 5 1 1 5 1 1 6 2 -2 6 4 0 
-0.3333333333333334 5 1 0 5 1 1 6 2 2 6 4 -3 
0.3563483225498992 5 1 0 5 1 1 6 2 1 6 4 -2 
-0.3086066999241839 5 1 0 5 1 1 6 2 0 6 4 -1 
0.2253744679276044 5 1 0 5 1 1 6 2 -1 6 4 0 
-0.1259881576697424 5 1 0 5 1 1 6 2 -2 6 4 1 
0.1259881576697424 5 1 0 5 1 0 6 2 2 6 4 -2 
-0.1781741612749496 5 1 0 5 1 0 6 2 1 6 4 -1 
0.1951800145897066 5 1 0 5 1 0 6 2 0 6 4 0 
-0.1781741612749496 5 1 0 5 1 0 6 2 -1 6 4 1 
0.1259881576697424 5 1 0 5 1 0 6 2 -2 6 4 2 
0.1259881576697424 5 1 -1 5 1 1 6 2 2 6 4 -2 
-0.1781741612749496 5 1 -1 5 1 1 6 2 1 6 4 -1 
0.1951800145897066 5 1 -1 5 1 1 6 2 0 6 4 0 
-0.1781741612749496 5 1 -1 5 1 1 6 2 -1 6 4 1 
0.1259881576697424 5 1 -1 5 1 1 6 2 -2 6 4 2 
-0.1259881576697424 5 1 -1 5 1 0 6 2 2 6 4 -1 
0.2253744679276044 5 1 -1 5 1 0 6 2 1 6 4 0 
-0.3086066999241839 5 1 -1 5 1 0 6 2 0 6 4 1 
0.3563483225498992 5 1 -1 5 1 0 6 2 -1 6 4 2 
-0.3333333333333334 5 1 -1 5 1 0 6 2 -2 6 4 3 
0.03984095364447979 5 1 -1 5 1 -1 6 2 2 6 4 0 
-0.08908708063747479 5 1 -1 5 1 -1 6 2 1 6 4 1 
0.1543033499620919 5 1 -1 5 1 -1 6 2 0 6 4 2 
-0.2357022603955158 5 1 -1 5 1 -1 6 2 -1 6 4 3 
0.3333333333333333 5 1 -1 5 1 -1 6 2 -2 6 4 4 

11 14 4
-0.2927700218845599 5 1 1 5 1 1 6 2 -1 6 2 -1 
0.4780914437337575 5 1 1 5 1 1 6 2 -2 6 2 0 
0.3380617018914067 5 1 0 5 1 1 6 2 -1 6 2 0 
-0.828078671210825 5 1 0 5 1 1 6 2 -2 6 2 1 
-0.1951800145897066 5 1 0 5 1 0 6 2 0 6 2 0 
0.1951800145897066 5 1 0 5 1 0 6 2 -1 6 2 1 
0.3903600291794133 5 1 0 5 1 0 6 2 -2 6 2 2 
-0.1951800145897066 5 1 -1 5 1 1 6 2 0 6 2 0 
0.1951800145897066 5 1 -1 5 1 1 6 2 -1 6 2 1 
0.3903600291794133 5 1 -1 5 1 1 6 2 -2 6 2 2 
0.3380617018914067 5 1 -1 5 1 0 6 2 0 6 2 1 
-0.828078671210825 5 1 -1 5 1 0 6 2 -1 6 2 2 
-0.2927700218845599 5 1 -1 5 1 -1 6 2 1 6 2 1 
0.4780914437337575 5 1 -1 5 1 -1 6 2 0 6 2 2